45114
30243
71720
1566
76205
10964
57530
85951
12426
6113
20076
67142
95451
12353
98088
75306
57362
1247
34652
36615
21653
64447
33541
77820
8301
96281
58486
53338
29649
92384
18043
68865
57699
47062
49100
18635
15369
39170
10653
49576
94404
6573
26086
15000
30790
22601
67015
82828
74945
4447
54642
19004
78368
3074
65618
75357
81055
46931
68559
73049
24723
37693
84651
87671
35695
25217
61192
10093
18321
21040
70457
78397
74850
45013
97912
50521
20945
38020
63622
14688
97351
15256
28573
15262
87695
79160
73692
5351
40010
58845
3491
24326
55302
93759
18550
38320
50300
33303
21472
74882
23519
81272
69464
29125
53883
74235
63381
18026
39333
46329
67818
11995
39227
99497
89791
78373
18804
67765
4545
30228
6579
36952
6206
85626
66253
57072
78279
7488
53578
63696
24391
12246
75596
6643
73236
6640
94747
69675
73312
36381
23579
53207
22848
7797
37153
83548
38215
74176
89671
6858
50159
62192
59491
23707
31343
50623
62398
21040
994
3530
66848
62342
22819
3079
16870
3912
10938
23462
18434
15444
85209
36596
73271
96453
72111
42809
50529
96618
30276
75209
71079
67721
90776
35193
41914
97629
41443
78312
18780
2644
51790
84697
94057
83540
30484
16273
3842
82740
30910
84218
23321
15354
71950
24422
72716
85146
20974
6129
87446
38039
93858
79555
15623
50365
62970
1908
93586
96836
28145
68099
15907
94101
98011
12367
60162
69724
49414
40065
48702
63590
81225
95125
29792
28959
55481
67946
38689
63806
23590
965
55569
69549
68243
54693
11714
3936
52712
55707
7945
67578
58373
59905
12
39522
8573
29258
74506
56255
22377
38386
85831
10644
15265
98453
49870
32590
65505
10195
93193
1552
94715
35355
38014
32575
69047
6341
62581
72130
13432
77631
14258
37774
45531
59260
68305
36577
78277
62659
19199
1202
10326
32208
63310
89711
22280
32003
81847
5389
23173
6728
61208
6266
46524
37893
94231
90523
78168
72311
90281
63595
9093
8360
84747
15547
45694
87400
79225
63149
77123
52649
62497
40125
94836
5889
59418
51136
82958
13578
29908
40343
49779
88236
93449
63750
50425
98449
85877
96057
58720
41348
64693
47352
82250
45186
66721
12758
78796
56371
87698
28998
24634
5319
97180
65865
5549
38527
24140
37713
49992
50455
48766
80321
449
48139
14114
1887
23879
33890
27699
83389
94983
96985
57531
73194
47122
63991
39702
93542
74826
69118
5388
52419
89163
70996
3930
33327
72613
60301
45669
17591
53641
73860
13289
79108
22831
55185
93645
79800
42214
78807
63411
85564
57335
86386
21344
17105
7655
66213
97559
47844
45015
44589
85951
61906
12217
47465
39714
89265
4126
33821
41910
42189
32304
98439
13125
87441
40790
91044
46477
2016
75443
1237
66574
76740
92201
14196
93518
51666
590
50823
55630
89952
78034
67829
35290
22808
57769
8192
51157
27067
88573
60478
76983
29103
88082
6729
72337
64046
63095
12911
53794
57622
50080
43381
66474
39482
36991
61387
25286
41465
63529
11294
82857
82035
61176
65079
46808
88989
86576
55546
12926
66540
22274
11789
2731
70017
67345
58635
94026
11666
17114
41099
11282
84425
35955
87333
99002
57036
60040
29107
35725
63508
28001
57578
58911
82675
26555
3876
61662
79492
55496
99025
91106
58696
61818
85745
25218
63611
66297
25898
29966
38107
7506
71641
1884
58118
58030
45796
82532
30626
25554
7528
90764
52630
37529
63077
56323
20404
22295
18146
54018
80196
41802
58472
31579
15537
1510
88160
96239
73476
61547
51572
75227
42262
99908
13882
93551
6432
33221
77812
18801
21729
83548
69692
7187
71904
90698
36612
47611
92241
8721
58304
41304
70477
92503
92304
73405
64841
75809
39015
29817
11021
65669
34493
87808
25155
29629
53082
62001
48303
32207
29479
18785
19367
84786
90360
81635
8052
9215
19402
37411
87221
79551
66354
19464
74868
98654
50732
87199
29943
86774
3813
43715
43381
7776
38752
33265
25971
35343
38010
38467
58028
66249
99675
53583
32388
20727
89857
44615
91852
30986
7032
19606
34937
8087
75982
23211
39721
94679
53984
38510
34526
56497
49918
25933
26334
39077
28172
54338
83094
17779
93546
82457
54425
99011
30782
30290
6755
88463
2926
39499
43555
28171
96427
59451
79073
18405
37656
11284
34865
82680
95525
76202
32402
4554
27907
26214
62202
63454
25775
65582
20140
23410
58273
79502
14998
83368
24408
92880
67826
80662
72569
26527
43287
50258
57826
708
75937
81550
68726
76696
80264
81764
70285
45829
62299
50441
77920
72551
82771
93019
98256
72995
56993
53148
47078
63914
15092
23229
82109
48084
87645
507
68896
11818
26465
92129
31751
97771
17997
36725
28516
81995
97683
2346
27879
28017
27647
41016
61003
12685
57191
28686
65461
18649
45840
96035
38750
66538
92054
60353
71112
16270
77222
1641
32976
1366
4205
87123
50984
72792
82419
37483
18429
19513
87345
45478
50827
1843
1359
2940
15457
80616
24895
65736
34852
50314
32208
87933
88576
87509
34396
86160
15040
7317
3822
53106
45681
80049
8733
25102
87538
97819
4598
22915
7036
96623
29588
27158
57781
33213
55621
20121
38188
88100
53504
24383
60983
16092
40996
95214
65940
93998
95951
78554
9628
21500
33248
29285
21537
15629
63793
95523
24628
1916
76695
13850
80183
45989
11533
27647
31747
88239
16675
36152
91051
41159
21740
5340
29973
84043
87511
23455
16920
42977
35039
63735
63455
75367
97126
24842
27567
87761
80060
55499
53646
3296
71175
34036
16079
60824
78735
65789
73303
71622
44604
81755
32203
81579
27332
70387
68982
86817
13507
51127
51885
28965
78619
3018
63659
52614
85192
94667
27144
41991
75548
22868
96131
66450
89337
56339
85403
55142
11851
98323
78827
90028
38117
27222
72443
53418
19932
47937
80674
91276
48213
88288
58095
56782
11457
4646
66663
79971
62577
18813
48834
68765
21022
94258
50747
84274
34852
73931
76395
49010
28295
44203
43718
40466
64336
59855
56567
94510
59020
63599
2699
93133
94376
60273
37296
39308
90283
60612
13896
28075
12088
92442
80248
7429
10407
88153
65249
85200
12298
96483
44956
78808
8900
33912
90619
23671
13579
86408
69710
52966
96818
95751
92164
36571
39289
16386
68319
20233
82948
8470
72519
37350
1500
40762
86886
75237
56196
12964
33458
65323
50695
71354
89747
32474
49579
83781
22638
82479
79145
60529
68700
28682
86197
56101
35100
