12
449
507
590
708
965
994
1202
1237
1247
1359
1366
1500
1510
1552
1566
1641
1843
1884
1887
1908
1916
2016
2346
2644
2699
2731
2926
2940
3018
3074
3079
3296
3491
3530
3813
3822
3842
3876
3912
3930
3936
4126
4205
4447
4545
4554
4598
4646
5319
5340
5351
5388
5389
5549
5889
6113
6129
6206
6266
6341
6432
6573
6579
6640
6643
6728
6729
6755
6858
7032
7036
7187
7317
7429
7488
7506
7528
7655
7776
7797
7945
8052
8087
8192
8301
8360
8470
8573
8721
8733
8900
9093
9215
9628
10093
10195
10326
10407
10644
10653
10938
10964
11021
11282
11284
11294
11457
11533
11666
11714
11789
11818
11851
11995
12088
12217
12246
12298
12353
12367
12426
12685
12758
12911
12926
12964
13125
13289
13432
13507
13578
13579
13850
13882
13896
14114
14196
14258
14688
14998
15000
15040
15092
15256
15262
15265
15354
15369
15444
15457
15537
15547
15623
15629
15907
16079
16092
16270
16273
16386
16675
16870
16920
17105
17114
17591
17779
17997
18026
18043
18146
18321
18405
18429
18434
18550
18635
18649
18780
18785
18801
18804
18813
19004
19199
19367
19402
19464
19513
19606
19932
20076
20121
20140
20233
20404
20727
20945
20974
21022
21040
21040
21344
21472
21500
21537
21653
21729
21740
22274
22280
22295
22377
22601
22638
22808
22819
22831
22848
22868
22915
23173
23211
23229
23321
23410
23455
23462
23519
23579
23590
23671
23707
23879
24140
24326
24383
24391
24408
24422
24628
24634
24723
24842
24895
25102
25155
25217
25218
25286
25554
25775
25898
25933
25971
26086
26214
26334
26465
26527
26555
27067
27144
27158
27222
27332
27567
27647
27647
27699
27879
27907
28001
28017
28075
28145
28171
28172
28295
28516
28573
28682
28686
28959
28965
28998
29103
29107
29125
29258
29285
29479
29588
29629
29649
29792
29817
29908
29943
29966
29973
30228
30243
30276
30290
30484
30626
30782
30790
30910
30986
31343
31579
31747
31751
32003
32203
32207
32208
32208
32304
32388
32402
32474
32575
32590
32976
33213
33221
33248
33265
33303
33327
33458
33541
33821
33890
33912
34036
34396
34493
34526
34652
34852
34852
34865
34937
35039
35100
35193
35290
35343
35355
35695
35725
35955
36152
36381
36571
36577
36596
36612
36615
36725
36952
36991
37153
37296
37350
37411
37483
37529
37656
37693
37713
37774
37893
38010
38014
38020
38039
38107
38117
38188
38215
38320
38386
38467
38510
38527
38689
38750
38752
39015
39077
39170
39227
39289
39308
39333
39482
39499
39522
39702
39714
39721
40010
40065
40125
40343
40466
40762
40790
40996
41016
41099
41159
41304
41348
41443
41465
41802
41910
41914
41991
42189
42214
42262
42809
42977
43287
43381
43381
43555
43715
43718
44203
44589
44604
44615
44956
45013
45015
45114
45186
45478
45531
45669
45681
45694
45796
45829
45840
45989
46329
46477
46524
46808
46931
47062
47078
47122
47352
47465
47611
47844
47937
48084
48139
48213
48303
48702
48766
48834
49010
49100
49414
49576
49579
49779
49870
49918
49992
50080
50159
50258
50300
50314
50365
50425
50441
50455
50521
50529
50623
50695
50732
50747
50823
50827
50984
51127
51136
51157
51572
51666
51790
51885
52419
52614
52630
52649
52712
52966
53082
53106
53148
53207
53338
53418
53504
53578
53583
53641
53646
53794
53883
53984
54018
54338
54425
54642
54693
55142
55185
55302
55481
55496
55499
55546
55569
55621
55630
55707
56101
56196
56255
56323
56339
56371
56497
56567
56782
56993
57036
57072
57191
57335
57362
57530
57531
57578
57622
57699
57769
57781
57826
58028
58030
58095
58118
58273
58304
58373
58472
58486
58635
58696
58720
58845
58911
59020
59260
59418
59451
59491
59855
59905
60040
60162
60273
60301
60353
60478
60529
60612
60824
60983
61003
61176
61192
61208
61387
61547
61662
61818
61906
62001
62192
62202
62299
62342
62398
62497
62577
62581
62659
62970
63077
63095
63149
63310
63381
63411
63454
63455
63508
63529
63590
63595
63599
63611
63622
63659
63696
63735
63750
63793
63806
63914
63991
64046
64336
64447
64693
64841
65079
65249
65323
65461
65505
65582
65618
65669
65736
65789
65865
65940
66213
66249
66253
66297
66354
66450
66474
66538
66540
66574
66663
66721
66848
67015
67142
67345
67578
67721
67765
67818
67826
67829
67946
68099
68243
68305
68319
68559
68700
68726
68765
68865
68896
68982
69047
69118
69464
69549
69675
69692
69710
69724
70017
70285
70387
70457
70477
70996
71079
71112
71175
71354
71622
71641
71720
71904
71950
72111
72130
72311
72337
72443
72519
72551
72569
72613
72716
72792
72995
73049
73194
73236
73271
73303
73312
73405
73476
73692
73860
73931
74176
74235
74506
74826
74850
74868
74882
74945
75209
75227
75237
75306
75357
75367
75443
75548
75596
75809
75937
75982
76202
76205
76395
76695
76696
76740
76983
77123
77222
77631
77812
77820
77920
78034
78168
78277
78279
78312
78368
78373
78397
78554
78619
78735
78796
78807
78808
78827
79073
79108
79145
79160
79225
79492
79502
79551
79555
79800
79971
80049
80060
80183
80196
80248
80264
80321
80616
80662
80674
81055
81225
81272
81550
81579
81635
81755
81764
81847
81995
82035
82109
82250
82419
82457
82479
82532
82675
82680
82740
82771
82828
82857
82948
82958
83094
83368
83389
83540
83548
83548
83781
84043
84218
84274
84425
84651
84697
84747
84786
85146
85192
85200
85209
85403
85564
85626
85745
85831
85877
85951
85951
86160
86197
86386
86408
86576
86774
86817
86886
87123
87199
87221
87333
87345
87400
87441
87446
87509
87511
87538
87645
87671
87695
87698
87761
87808
87933
88082
88100
88153
88160
88236
88239
88288
88463
88573
88576
88989
89163
89265
89337
89671
89711
89747
89791
89857
89952
90028
90281
90283
90360
90523
90619
90698
90764
90776
91044
91051
91106
91276
91852
92054
92129
92164
92201
92241
92304
92384
92442
92503
92880
93019
93133
93193
93449
93518
93542
93546
93551
93586
93645
93759
93858
93998
94026
94057
94101
94231
94258
94376
94404
94510
94667
94679
94715
94747
94836
94983
95125
95214
95451
95523
95525
95751
95951
96035
96057
96131
96239
96281
96427
96453
96483
96618
96623
96818
96836
96985
97126
97180
97351
97559
97629
97683
97771
97819
97912
98011
98088
98256
98323
98439
98449
98453
98654
99002
99011
99025
99497
99675
99908
